function [A,B] = exact()
A=[
       .381256,       .276868,      -.117973,      -.550160,       .112616,       .171003,      -.320592,       .015675,      -.048994,       .092657,      -.048430,       .032046;
      -.232467,      -.117442,      -.348959,       .187584,      -.223059,      -.294059,      -.445769,       .176572,      -.087847,      -.013063,       .065384,       .036765;
       .280123,      -.237890,      -.296957,       .004408,       .642456,      -.191014,       .081134,      -.078791,       .036102,      -.071379,       .214719,       .030307;
      -.656620,      -.297654,      -.045296,      -.131798,       .114328,       .521730,      -.093849,      -.028499,       .132680,      -.030920,       .062601,       .056316;
      -.054788,       .335743,      -.849017,       .111864,      -.050678,       .131093,       .267096,       .032038,       .101176,       .016331,      -.120783,      -.010310;
      -.131369,      -.708589,      -.169774,      -.603685,       .022169,      -.132351,       .207451,       .266691,      -.135746,      -.048082,      -.118242,      -.064643;
      -.370818,       .431642,       .067750,      -.574279,      -.193137,      -.451428,       .039143,      -.089624,       .323943,      -.266373,       .078924,       .001351;
      -.329027,       .628794,      -.028428,      -.030512,       .207484,       .333072,      -.128017,       .244088,      -.223346,      -.076351,       .366383,      -.183269;
       .641605,      -.139515,      -.158646,      -.030646,      -.676155,       .425421,       .163685,      -.100345,      -.313972,      -.666798,       .133617,       .062650;
      -.298290,       .676396,       .409039,       .105807,       .539078,      -.075020,       .386006,       .659058,      -.215718,      -.175491,      -.129281,       .153221;
      -.536873,       .140167,      -.052325,       .241954,       .842957,      -.109126,      -.544071,      -.494521,      -.295296,      -.513817,      -.513672,      -.077860;
      2.085300,      -.765213,       .463527,      1.109970,       .496669,       .761691,     -1.183325,      1.473832,      1.811787,      -.897047,      -.401119,      -.208486];
B=[
      -.649793,      -.428494,      -.062606,       .075560,       .091344,      -.212418,       .146089,      -.075318,       .034556,      -.194036,       .090154,       .010924;
       .420210,      -.357511,      -.114872,       .348937,      -.144415,       .171642,      -.093507,       .017363,       .035936,      -.301452,      -.119948,      -.024132;
       .097819,      -.081091,       .674352,       .313455,       .153146,      -.045554,       .241496,       .264918,      -.150669,      -.013721,       .004526,       .040494;
       .182677,      -.390081,      -.292480,      -.633785,       .146422,      -.036096,       .120955,       .250918,      -.195301,      -.039271,      -.068270,       .012232;
       .305416,       .448864,      -.146801,      -.065641,       .602885,       .048250,       .276278,      -.043504,       .153730,      -.213360,       .097395,       .015518;
       .233364,       .217632,       .021049,       .024028,      -.158280,      -.724780,       .271403,      -.066365,      -.058023,      -.033212,      -.121524,      -.105870;
       .041091,       .256567,      -.444179,       .292307,      -.154913,      -.461776,      -.318538,       .410191,       .118058,      -.030197,       .090890,       .084323;
       .476168,      -.002338,       .591423,      -.695154,      -.770811,      -.151879,      -.044411,      -.155933,       .133282,      -.273563,       .303779,       .064750;
      -.866286,       .846514,       .348724,      -.398604,      -.134621,       .286956,      -.313532,       .387215,      -.037444,      -.411857,      -.160861,      -.102893;
      -.154291,      -.165852,       .344939,      -.336903,       .039250,      -.161877,       .139301,      -.002242,       .632832,       .077739,      -.534535,       .108432;
       .315107,      -.749667,       .612263,      -.236044,       .889168,      -.312032,      -.848237,       .192662,       .391331,       .138172,       .222019,      -.166743;
      -.167894,      -.588255,      -.694178,       .221758,     -1.582230,      1.188365,      2.139356,      1.367191,      1.315235,       .586414,       .629433,      -.345015];

