function [A,B] = noisy()
A=[
       .373183,       .285505,      -.554085,      -.059835,      -.142760,       .088417,      -.088770,       .242482,       .048416,       .048658,      -.128628,       .071363;
      -.319161,      -.124398,       .170997,      -.309602,       .248872,      -.260997,      -.286818,       .305330,       .219860,      -.068353,      -.111133,       .035723;
      -.718235,      -.198280,      -.197009,      -.054092,      -.108788,       .379377,       .352396,       .256136,       .005051,       .035002,       .045134,       .047273;
       .078371,      -.362760,       .054657,      -.241285,      -.812388,      -.250112,       .077996,       .038368,      -.013578,      -.076438,      -.068338,      -.045962;
      -.190231,      -.296653,      -.111832,       .826472,      -.055437,      -.075389,      -.124327,       .026739,       .052564,      -.015697,      -.209204,      -.031865;
      -.152663,      -.403124,      -.505337,      -.329707,       .097690,       .172741,      -.159996,      -.556559,       .248539,       .018178,      -.080678,      -.034000;
       .163680,      -.473093,      -.501277,       .109802,       .172039,      -.170862,      -.169786,       .217437,      -.091763,      -.232469,       .366948,      -.019958;
       .524108,      -.590361,       .427092,      -.063314,       .043374,       .696711,      -.254883,       .100728,      -.100071,      -.128792,      -.109713,       .084124;
      -.154348,       .626994,      -.012422,      -.033048,      -.125755,       .458889,      -.158652,       .147597,       .134761,      -.371288,      -.046411,      -.385915;
       .214120,       .269069,       .118823,       .256803,      -.051838,      -.046330,       .554796,      -.262210,       .512506,      -.619150,       .044577,       .276913;
       .622048,      -.480772,      -.168384,      -.252312,       .759259,      -.225967,       .962406,       .245475,      -.070405,      -.048989,      -.414700,      -.163798;
       .687929,      -.308057,       .351561,       .338270,      -.230527,       .189826,       .104342,       .375187,      1.166945,       .606615,       .326506,      -.155000];
B=[
      -.704456,      -.436031,       .117301,      -.032952,       .012424,      -.276610,       .065490,      -.053657,      -.090736,      -.124333,       .059951,       .020589;
       .487431,      -.352251,       .347882,      -.125898,       .166334,       .156127,       .046786,       .120080,      -.060655,      -.161504,       .251281,       .021324;
       .152051,      -.403392,      -.612477,      -.343105,      -.091317,       .056696,      -.140757,      -.186687,       .237713,      -.140557,       .002297,       .054338;
       .043161,      -.147514,       .346691,       .649224,      -.083951,       .070313,      -.145154,      -.229489,       .282507,      -.103344,      -.055102,       .068008;
       .016554,      -.198270,      -.093873,       .085407,       .737341,      -.007731,      -.259855,       .110992,      -.116814,       .066248,      -.148335,       .127011;
       .477605,       .241147,      -.075520,       .092689,       .010016,      -.611253,      -.186265,      -.447667,      -.235615,      -.059594,       .065234,       .025765;
      -.120757,       .077171,       .200224,      -.204340,       .359582,      -.198915,      -.495831,       .044645,       .296740,       .052954,       .083299,      -.243733;
      -.115976,      -.232176,      -.311290,       .378700,       .180035,       .560398,      -.052334,      -.372326,      -.324750,      -.015564,       .010469,      -.196728;
       .289262,      -.172974,      -.584625,       .687600,       .279468,      -.435026,       .513042,       .478983,       .187935,      -.055941,      -.004696,      -.072256;
      -.547127,       .635760,      -.477159,       .347200,       .218776,       .151882,      -.126375,      -.031688,       .077218,       .177308,       .681745,       .212657;
      -.289920,      1.087061,      -.008570,      -.203443,       .538349,       .182709,       .218470,      -.023423,      -.007124,      -.749221,      -.163426,      -.013180;
       .198476,      -.183885,       .404100,      -.500516,       .918849,      -.143847,      1.274240,      -.877397,       .218491,       .465852,       .026271,      -.067062];
